0,270 100,270 50,270 100,270 50,0
0,270 100,180 100,135 70.71067811865476,180 70.71067811865476,315
0,180 50,180 50,270 50,315 70.71067811865476,135 50,180 50,225 70.71067811865476,45 50,270
0,180 50,180 50,225 70.71067811865476,135 50,225 70.71067811865476,180 70.71067811865476,135 50,225 70.71067811865476,315
0,270 100,180 100,180 50,270 50,270 50,180 50,90 50,90 50,270
0,180 50,90 50,90 50,270 50,270 50,180 50,90 50,90 50,270 50,270 50,0
0,225 70.71067811865476,135 50,270 50,270 50,270 50,315 70.71067811865476,315
0,180 50,180 50,225 70.71067811865476,45 50,180 50,315 70.71067811865476,315
0,180 50,180 50,270 100,270 50,270 100,180 50,90 50,90 50,270
0,270 50,315 70.71067811865476,180 70.71067811865476,135 50,270 50,270 50,0
